<org.apache.hadoop.mapred.TaskLog: org.apache.hadoop.mapred.TaskLog$LogFileDetail getLogFileDetail(org.apache.hadoop.mapred.TaskAttemptID,org.apache.hadoop.mapred.TaskLog$LogName,boolean)>

:fis-1022909238
0, 5, [-1, 0]
3, 1, [-1, 0]
2, 4, [-1, 0]
5, 10, [0, 0]
1, 12, [0, 0]
4, 17, [0, 0]
10, 22, [0, 0]
12, 13, [0, 0]
17, 13, [0, 0]
20, 14, [0, 0]
22, 9, [0, 0]
13, 15, [0, 0]
14, 21, [0, 0]
9, 16, [0, 0]
15, 21, [0, 0]
7, 11, [0, 1]
16, 23, [0, 1]
21, 8, [0, 1]
7, 6, [0, 2]
16, 18, [0, 2]
21, 19, [0, 2]
11, 29, [1, 1]
23, 26, [1, 1]
8, 27, [1, 1]
29, 24, [1, -2]
26, 25, [1, -2]
27, 28, [1, -2]
6, 31, [2, 2]
18, 35, [2, 2]
19, 37, [2, 2]
31, 36, [2, 5]
35, 34, [2, 5]
37, 30, [2, 5]
31, 32, [2, 6]
35, 33, [2, 6]
37, 38, [2, 6]
36, 46, [5, 5]
34, 41, [5, 5]
30, 44, [5, 5]
46, 42, [5, 11]
41, 45, [5, 11]
44, 39, [5, 11]
46, 47, [5, 12]
41, 43, [5, 12]
44, 40, [5, 12]
42, 54, [11, 11]
45, 52, [11, 11]
39, 48, [11, 11]
54, 55, [11, 11]
52, 49, [11, 11]
48, 55, [11, 11]
49, 50, [11, 11]
56, 53, [11, 11]
55, 51, [11, 11]
50, 24, [11, -2]
53, 25, [11, -2]
51, 28, [11, -2]
47, 57, [12, 12]
43, 62, [12, 12]
40, 57, [12, 12]
64, 61, [12, 25]
62, 58, [12, 25]
57, 59, [12, 25]
64, 65, [12, 26]
62, 60, [12, 26]
57, 63, [12, 26]
61, 66, [25, 25]
58, 72, [25, 25]
59, 73, [25, 25]
66, 74, [25, 51]
72, 71, [25, 51]
73, 69, [25, 51]
66, 70, [25, 52]
72, 68, [25, 52]
73, 67, [25, 52]
74, 83, [51, 51]
71, 75, [51, 51]
69, 79, [51, 51]
83, 80, [51, 51]
75, 81, [51, 51]
79, 80, [51, 51]
81, 76, [51, 51]
82, 78, [51, 51]
80, 77, [51, 51]
76, 24, [51, -2]
78, 25, [51, -2]
77, 28, [51, -2]
70, 86, [52, 52]
68, 85, [52, 52]
67, 86, [52, 52]
89, 88, [52, 52]
85, 84, [52, 52]
86, 87, [52, 52]
88, 24, [52, -2]
84, 25, [52, -2]
87, 28, [52, -2]
65, 95, [26, 26]
60, 94, [26, 26]
63, 95, [26, 26]
94, 93, [26, 26]
91, 90, [26, 26]
95, 92, [26, 26]
93, 24, [26, -2]
90, 25, [26, -2]
92, 28, [26, -2]
32, 97, [6, 6]
33, 99, [6, 6]
38, 100, [6, 6]
97, 104, [6, 6]
99, 102, [6, 6]
100, 104, [6, 6]
102, 103, [6, 6]
96, 101, [6, 6]
104, 98, [6, 6]
103, 24, [6, -2]
101, 25, [6, -2]
98, 28, [6, -2]

<org.apache.hadoop.examples.dancing.Sudoku: void <init>(java.io.InputStream)>

:file-1019867594
4, 2, [-1, 0]
5, 3, [-1, 0]
0, 1, [-1, 0]
2, 20, [0, 0]
3, 21, [0, 0]
1, 6, [0, 0]
20, 18, [0, 0]
21, 12, [0, 0]
6, 12, [0, 0]
10, 24, [0, 0]
18, 15, [0, 0]
12, 8, [0, 0]
24, 19, [0, 0]
15, 13, [0, 0]
8, 19, [0, 0]
17, 16, [0, 0]
13, 11, [0, 0]
19, 7, [0, 0]
16, 23, [0, 1]
11, 14, [0, 1]
7, 26, [0, 1]
16, 22, [0, 2]
11, 25, [0, 2]
7, 9, [0, 2]
23, 29, [1, 1]
14, 32, [1, 1]
26, 28, [1, 1]
29, 30, [1, 3]
32, 27, [1, 3]
28, 31, [1, 3]
29, 34, [1, 4]
32, 33, [1, 4]
28, 35, [1, 4]
30, 41, [3, 3]
27, 40, [3, 3]
31, 37, [3, 3]
41, 44, [3, 7]
40, 43, [3, 7]
37, 42, [3, 7]
41, 39, [3, 8]
40, 36, [3, 8]
37, 38, [3, 8]
44, 57, [7, 7]
43, 59, [7, 7]
42, 55, [7, 7]
57, 51, [7, 7]
59, 49, [7, 7]
55, 51, [7, 7]
56, 45, [7, 7]
49, 54, [7, 7]
51, 58, [7, 7]
45, 52, [7, 7]
54, 48, [7, 7]
58, 52, [7, 7]
48, 53, [7, -2]
47, 46, [7, -2]
52, 50, [7, -2]
39, 71, [8, 8]
36, 61, [8, 8]
38, 68, [8, 8]
71, 66, [8, 8]
61, 65, [8, 8]
68, 66, [8, 8]
67, 62, [8, 8]
65, 70, [8, 8]
66, 64, [8, 8]
62, 60, [8, 8]
70, 69, [8, 8]
64, 60, [8, 8]
69, 53, [8, -2]
63, 46, [8, -2]
60, 50, [8, -2]
34, 81, [4, 4]
33, 77, [4, 4]
35, 78, [4, 4]
81, 72, [4, 4]
77, 83, [4, 4]
78, 72, [4, 4]
79, 82, [4, 4]
83, 73, [4, 4]
72, 74, [4, 4]
82, 76, [4, 4]
73, 75, [4, 4]
74, 76, [4, 4]
75, 53, [4, -2]
80, 46, [4, -2]
76, 50, [4, -2]
22, 87, [2, 2]
25, 86, [2, 2]
9, 89, [2, 2]
87, 85, [2, 2]
86, 88, [2, 2]
89, 85, [2, 2]
88, 53, [2, -2]
84, 46, [2, -2]
85, 50, [2, -2]

<org.apache.hadoop.examples.pi.Util: java.util.List readJobOutputs(org.apache.hadoop.fs.FileSystem,org.apache.hadoop.fs.Path)>

:in-1023007265
5, 1, [-1, 0]
3, 4, [-1, 0]
0, 2, [-1, 0]
1, 6, [0, 0]
4, 7, [0, 0]
2, 12, [0, 0]
6, 11, [0, 1]
7, 10, [0, 1]
12, 14, [0, 1]
6, 8, [0, 2]
7, 13, [0, 2]
12, 9, [0, 2]
11, 21, [1, 1]
10, 20, [1, 1]
14, 16, [1, 1]
21, 18, [1, 3]
20, 22, [1, 3]
16, 15, [1, 3]
21, 17, [1, 4]
20, 23, [1, 4]
16, 19, [1, 4]
18, 26, [3, 3]
22, 29, [3, 3]
15, 37, [3, 3]
26, 41, [3, 3]
29, 30, [3, 3]
37, 30, [3, 3]
33, 44, [3, 3]
41, 31, [3, 3]
30, 39, [3, 3]
44, 42, [3, 3]
31, 43, [3, 3]
39, 42, [3, 3]
25, 32, [3, 3]
43, 36, [3, 3]
42, 24, [3, 3]
32, 35, [3, 7]
36, 38, [3, 7]
24, 28, [3, 7]
32, 27, [3, 8]
36, 34, [3, 8]
24, 40, [3, 8]
35, 50, [7, 7]
38, 53, [7, 7]
28, 48, [7, 7]
50, 52, [7, 7]
53, 51, [7, 7]
48, 52, [7, 7]
51, 46, [7, -2]
45, 49, [7, -2]
52, 47, [7, -2]
27, 54, [8, 8]
34, 58, [8, 8]
40, 54, [8, 8]
58, 55, [8, 8]
60, 62, [8, 8]
54, 59, [8, 8]
55, 57, [8, 8]
62, 56, [8, 8]
59, 57, [8, 8]
56, 46, [8, -2]
61, 49, [8, -2]
57, 47, [8, -2]
17, 64, [4, 4]
23, 67, [4, 4]
19, 63, [4, 4]
64, 65, [4, 4]
67, 68, [4, 4]
63, 65, [4, 4]
68, 46, [4, -2]
66, 49, [4, -2]
65, 47, [4, -2]
8, 73, [2, 2]
13, 77, [2, 2]
9, 75, [2, 2]
73, 71, [2, 5]
77, 69, [2, 5]
75, 74, [2, 5]
73, 72, [2, 6]
77, 76, [2, 6]
75, 70, [2, 6]
71, 80, [5, 5]
69, 78, [5, 5]
74, 79, [5, 5]
80, 46, [5, -2]
78, 49, [5, -2]
79, 47, [5, -2]
72, 46, [6, -2]
76, 49, [6, -2]
70, 47, [6, -2]

<org.apache.hadoop.examples.terasort.TeraScheduler: java.util.List readFile(java.lang.String)>

:in-1023007265
3, 2, [-1, 0]
4, 1, [-1, 0]
5, 0, [-1, 0]
2, 21, [0, 0]
1, 22, [0, 0]
0, 19, [0, 0]
21, 6, [0, 0]
22, 16, [0, 0]
19, 16, [0, 0]
9, 11, [0, 0]
6, 23, [0, 0]
16, 15, [0, 0]
11, 7, [0, 0]
23, 8, [0, 0]
15, 7, [0, 0]
13, 17, [0, 1]
8, 10, [0, 1]
7, 12, [0, 1]
13, 20, [0, 2]
8, 14, [0, 2]
7, 18, [0, 2]
17, 35, [1, 1]
10, 28, [1, 1]
12, 32, [1, 1]
35, 30, [1, 1]
28, 25, [1, 1]
32, 30, [1, 1]
33, 31, [1, 1]
25, 26, [1, 1]
30, 24, [1, 1]
31, 37, [1, 1]
26, 29, [1, 1]
24, 37, [1, 1]
29, 36, [1, -2]
27, 34, [1, -2]
37, 38, [1, -2]
20, 39, [2, 2]
14, 41, [2, 2]
18, 39, [2, 2]
41, 36, [2, -2]
40, 34, [2, -2]
39, 38, [2, -2]

