<T: void <init>()>

<T: void testTry()>

<T: void throwexc()>

<T: void testFW()>

:fw
3, 5, [-1, 0]
2, 4, [-1, 0]
1, 0, [-1, 0]
5, 18, [0, 0]
4, 34, [0, 0]
0, 33, [0, 0]
18, 29, [0, 0]
34, 22, [0, 0]
33, 20, [0, 0]
29, 17, [0, 0]
22, 15, [0, 0]
20, 9, [0, 0]
17, 26, [0, 0]
15, 30, [0, 0]
9, 10, [0, 0]
26, 14, [0, 0]
30, 31, [0, 0]
10, 11, [0, 0]
14, 24, [0, 0]
31, 35, [0, 0]
11, 28, [0, 0]
24, 13, [0, 0]
35, 25, [0, 0]
28, 16, [0, 0]
13, 21, [0, 0]
25, 32, [0, 0]
16, 12, [0, 0]
21, 19, [0, 0]
32, 8, [0, 0]
12, 19, [0, 0]
8, 23, [0, -2]
7, 6, [0, -2]
19, 27, [0, -2]

<T: java.io.FileWriter testCallFW(java.io.FileWriter)>

:par
5, 2, [-1, 0]
4, 3, [-1, 0]
0, 1, [-1, 0]
2, 7, [0, 0]
3, 23, [0, 0]
1, 16, [0, 0]
7, 10, [0, 0]
23, 15, [0, 0]
16, 20, [0, 0]
10, 35, [0, 0]
15, 19, [0, 0]
20, 18, [0, 0]
35, 9, [0, 0]
19, 17, [0, 0]
18, 33, [0, 0]
9, 30, [0, 0]
17, 22, [0, 0]
33, 26, [0, 0]
30, 31, [0, 0]
22, 28, [0, 0]
26, 28, [0, 0]
6, 8, [0, 0]
31, 12, [0, 0]
28, 25, [0, 0]
8, 32, [0, 0]
12, 11, [0, 0]
25, 32, [0, 0]
27, 29, [0, 0]
11, 24, [0, 0]
32, 29, [0, 0]
24, 34, [0, -2]
14, 21, [0, -2]
29, 13, [0, -2]

:par
5, 2, [-1, 0]
4, 3, [-1, 0]
0, 1, [-1, 0]
2, 7, [0, 0]
3, 23, [0, 0]
1, 16, [0, 0]
7, 10, [0, 0]
23, 15, [0, 0]
16, 20, [0, 0]
10, 35, [0, 0]
15, 19, [0, 0]
20, 18, [0, 0]
35, 9, [0, 0]
19, 17, [0, 0]
18, 33, [0, 0]
9, 30, [0, 0]
17, 22, [0, 0]
33, 26, [0, 0]
30, 31, [0, 0]
22, 28, [0, 0]
26, 28, [0, 0]
6, 8, [0, 0]
31, 12, [0, 0]
28, 25, [0, 0]
8, 32, [0, 0]
12, 11, [0, 0]
25, 32, [0, 0]
27, 29, [0, 0]
11, 24, [0, 0]
32, 29, [0, 0]
24, 34, [0, -2]
14, 21, [0, -2]
29, 13, [0, -2]

<T: void testSwitch()>

:fw
0, 3, [-1, 0]
5, 1, [-1, 0]
2, 4, [-1, 0]
3, 18, [0, 0]
1, 29, [0, 0]
4, 8, [0, 0]
18, 17, [0, 0]
29, 24, [0, 0]
8, 20, [0, 0]
17, 19, [0, 0]
24, 28, [0, 0]
20, 23, [0, 0]
19, 10, [0, 0]
28, 13, [0, 0]
23, 25, [0, 0]
10, 26, [0, 0]
13, 22, [0, 0]
25, 21, [0, 0]
26, 27, [0, 0]
22, 6, [0, 0]
21, 11, [0, 0]
27, 14, [0, 1]
6, 12, [0, 1]
11, 15, [0, 1]
27, 7, [0, 2]
6, 9, [0, 2]
11, 16, [0, 2]
14, 31, [1, 3]
12, 35, [1, 3]
15, 32, [1, 3]
14, 34, [1, 4]
12, 33, [1, 4]
15, 30, [1, 4]
31, 40, [3, 7]
35, 37, [3, 7]
32, 36, [3, 7]
31, 41, [3, 8]
35, 39, [3, 8]
32, 38, [3, 8]
40, 46, [7, 7]
37, 44, [7, 7]
36, 47, [7, 7]
46, 45, [7, -2]
44, 43, [7, -2]
47, 42, [7, -2]
41, 50, [8, 8]
39, 48, [8, 8]
38, 50, [8, 8]
48, 45, [8, -2]
49, 43, [8, -2]
50, 42, [8, -2]
34, 54, [4, 4]
33, 55, [4, 4]
30, 52, [4, 4]
54, 51, [4, 4]
55, 56, [4, 4]
52, 51, [4, 4]
56, 45, [4, -2]
53, 43, [4, -2]
51, 42, [4, -2]
7, 60, [2, 2]
9, 62, [2, 2]
16, 71, [2, 2]
60, 65, [2, 2]
62, 70, [2, 2]
71, 70, [2, 2]
58, 64, [2, 2]
65, 57, [2, 2]
70, 59, [2, 2]
64, 67, [2, 2]
57, 69, [2, 2]
59, 63, [2, 2]
67, 68, [2, 2]
69, 66, [2, 2]
63, 68, [2, 2]
66, 45, [2, -2]
61, 43, [2, -2]
68, 42, [2, -2]

<T: T interfunc(T,T)>

<T: T test(T)>

<T: void call()>

<T: void testlist()>

:fileWriter
2, 5, [-1, 0]
1, 4, [-1, 0]
3, 0, [-1, 0]
5, 53, [0, 0]
4, 9, [0, 0]
0, 44, [0, 0]
53, 45, [0, 0]
9, 19, [0, 0]
44, 29, [0, 0]
45, 40, [0, 0]
19, 66, [0, 0]
29, 6, [0, 0]
40, 75, [0, 0]
66, 67, [0, 0]
6, 32, [0, 0]
75, 64, [0, 0]
67, 17, [0, 0]
32, 35, [0, 0]
64, 22, [0, 0]
17, 34, [0, 0]
35, 34, [0, 0]
51, 14, [0, 0]
22, 8, [0, 0]
34, 69, [0, 0]
14, 12, [0, 0]
8, 77, [0, 0]
69, 10, [0, 0]
12, 62, [0, 0]
77, 70, [0, 0]
10, 36, [0, 0]
62, 16, [0, 0]
70, 30, [0, 0]
36, 58, [0, 0]
16, 43, [0, 0]
30, 48, [0, 0]
58, 31, [0, 0]
43, 46, [0, 0]
48, 13, [0, 0]
31, 52, [0, 0]
46, 28, [0, 0]
13, 7, [0, 0]
52, 54, [0, 0]
28, 73, [0, 0]
7, 71, [0, 0]
54, 50, [0, 0]
73, 59, [0, 0]
71, 65, [0, 0]
50, 57, [0, 0]
59, 23, [0, 0]
65, 49, [0, 0]
57, 20, [0, 0]
23, 27, [0, 0]
49, 26, [0, 0]
20, 42, [0, 0]
27, 60, [0, 0]
26, 39, [0, 0]
42, 33, [0, 0]
60, 74, [0, 0]
39, 41, [0, 0]
33, 25, [0, 0]
74, 24, [0, 0]
41, 61, [0, 0]
25, 24, [0, 0]
56, 68, [0, 0]
61, 38, [0, 0]
24, 72, [0, 0]
68, 18, [0, 0]
38, 63, [0, 0]
72, 18, [0, 0]
63, 21, [0, 0]
11, 55, [0, 0]
18, 76, [0, 0]
21, 37, [0, -2]
55, 15, [0, -2]
76, 47, [0, -2]

:fileWriter2
80, 83, [-1, 0]
79, 82, [-1, 0]
81, 78, [-1, 0]
83, 131, [0, 0]
82, 87, [0, 0]
78, 122, [0, 0]
131, 123, [0, 0]
87, 97, [0, 0]
122, 107, [0, 0]
123, 118, [0, 0]
97, 144, [0, 0]
107, 84, [0, 0]
118, 153, [0, 0]
144, 145, [0, 0]
84, 110, [0, 0]
153, 142, [0, 0]
145, 95, [0, 0]
110, 113, [0, 0]
142, 129, [0, 0]
95, 100, [0, 0]
113, 112, [0, 0]
129, 92, [0, 0]
100, 86, [0, 0]
112, 147, [0, 0]
92, 90, [0, 0]
86, 155, [0, 0]
147, 88, [0, 0]
90, 148, [0, 0]
155, 114, [0, 0]
88, 114, [0, 0]
140, 94, [0, 0]
148, 108, [0, 0]
114, 136, [0, 0]
94, 121, [0, 0]
108, 126, [0, 0]
136, 109, [0, 0]
121, 124, [0, 0]
126, 91, [0, 0]
109, 130, [0, 0]
124, 106, [0, 0]
91, 85, [0, 0]
130, 132, [0, 0]
106, 151, [0, 0]
85, 149, [0, 0]
132, 128, [0, 0]
151, 137, [0, 0]
149, 143, [0, 0]
128, 135, [0, 0]
137, 101, [0, 0]
143, 127, [0, 0]
135, 98, [0, 0]
101, 105, [0, 0]
127, 104, [0, 0]
98, 120, [0, 0]
105, 138, [0, 0]
104, 117, [0, 0]
120, 111, [0, 0]
138, 152, [0, 0]
117, 119, [0, 0]
111, 103, [0, 0]
152, 134, [0, 0]
119, 139, [0, 0]
103, 102, [0, 0]
134, 150, [0, 0]
139, 116, [0, 0]
102, 150, [0, 0]
146, 141, [0, 0]
116, 89, [0, 0]
150, 96, [0, 0]
141, 154, [0, 0]
89, 99, [0, 0]
96, 154, [0, 0]
99, 115, [0, -2]
133, 93, [0, -2]
154, 125, [0, -2]

:br
158, 161, [-1, 0]
157, 160, [-1, 0]
159, 156, [-1, 0]
161, 209, [0, 0]
160, 165, [0, 0]
156, 200, [0, 0]
209, 201, [0, 0]
165, 175, [0, 0]
200, 185, [0, 0]
201, 196, [0, 0]
175, 222, [0, 0]
185, 162, [0, 0]
196, 231, [0, 0]
222, 223, [0, 0]
162, 188, [0, 0]
231, 220, [0, 0]
223, 173, [0, 0]
188, 191, [0, 0]
220, 207, [0, 0]
173, 178, [0, 0]
191, 190, [0, 0]
207, 170, [0, 0]
178, 164, [0, 0]
190, 225, [0, 0]
170, 168, [0, 0]
164, 233, [0, 0]
225, 166, [0, 0]
168, 218, [0, 0]
233, 226, [0, 0]
166, 192, [0, 0]
218, 172, [0, 0]
226, 186, [0, 0]
192, 214, [0, 0]
172, 199, [0, 0]
186, 204, [0, 0]
214, 187, [0, 0]
199, 202, [0, 0]
204, 169, [0, 0]
187, 208, [0, 0]
202, 184, [0, 0]
169, 163, [0, 0]
208, 210, [0, 0]
184, 229, [0, 0]
163, 227, [0, 0]
210, 206, [0, 0]
229, 215, [0, 0]
227, 221, [0, 0]
206, 213, [0, 0]
215, 205, [0, 0]
221, 176, [0, 0]
213, 176, [0, 0]
179, 183, [0, 0]
205, 182, [0, 0]
176, 198, [0, 0]
183, 189, [0, 0]
182, 195, [0, 0]
198, 189, [0, 0]
216, 181, [0, 0]
195, 230, [0, 0]
189, 181, [0, 0]
230, 212, [0, 0]
197, 217, [0, 0]
181, 180, [0, 0]
212, 224, [0, 0]
217, 194, [0, 0]
180, 228, [0, 0]
224, 219, [0, 0]
194, 167, [0, 0]
228, 174, [0, 0]
219, 177, [0, 0]
167, 211, [0, 0]
174, 232, [0, 0]
177, 193, [0, -2]
211, 171, [0, -2]
232, 203, [0, -2]

<test: void <clinit>()>

<test: void <init>()>

<test: void main(java.lang.String[])>

