0	1	e	[(0,0),(0,1)]
4	8	e	[(2,0),(2,1)]
5	9	e	[(2,0),(2,1)]
6	7	n	[T]
10	13	e	[(3,0),(3,1)]
13	2	o	[(3,1),(1,0)]
13	2	o	[(3,1),(1,0)]
11	16	e	[(3,0),(3,3)]
12	17	e	[(3,0),(3,3)]
14	15	n	[T]
11	20	e	[(3,0),(3,4)]
12	21	e	[(3,0),(3,4)]
18	19	n	[T]
22	28	e	[(4,0),(4,1)]
28	2	o	[(4,1),(1,0)]
28	2	o	[(4,1),(1,0)]
25	23	a	[T]
24	23	a	[T]
26	23	a	[T]
23	27	n	[T]
23	27	n	[T]
23	27	n	[T]
23	29	e	[(4,1),(4,3)]
25	30	e	[(4,1),(4,3)]
27	31	e	[(4,1),(4,3)]
30	29	a	[T]
29	31	n	[T]
24	32	e	[(4,1),(4,7)]
26	33	e	[(4,1),(4,7)]
28	34	e	[(4,1),(4,7)]
34	10	o	[(4,7),(3,0)]
33	12	p	[(4,7),(3,0)]
32	11	p	[(4,7),(3,0)]
32	35	e	[(4,7),(4,15)]
33	36	e	[(4,7),(4,15)]
34	37	e	[(4,7),(4,15)]
37	3	o	[(4,15),(2,0)]
36	5	p	[(4,15),(2,0)]
35	4	p	[(4,15),(2,0)]
32	38	e	[(4,7),(4,16)]
33	39	e	[(4,7),(4,16)]
34	40	e	[(4,7),(4,16)]
40	3	o	[(4,16),(2,0)]
39	5	p	[(4,16),(2,0)]
38	4	p	[(4,16),(2,0)]
24	41	e	[(4,1),(4,8)]
26	42	e	[(4,1),(4,8)]
28	43	e	[(4,1),(4,8)]
43	10	o	[(4,8),(3,0)]
42	12	p	[(4,8),(3,0)]
41	11	p	[(4,8),(3,0)]
41	44	e	[(4,8),(4,17)]
42	45	e	[(4,8),(4,17)]
43	46	e	[(4,8),(4,17)]
46	3	o	[(4,17),(2,0)]
45	5	p	[(4,17),(2,0)]
44	4	p	[(4,17),(2,0)]
41	47	e	[(4,8),(4,18)]
42	48	e	[(4,8),(4,18)]
43	49	e	[(4,8),(4,18)]
49	3	o	[(4,18),(2,0)]
48	5	p	[(4,18),(2,0)]
47	4	p	[(4,18),(2,0)]
23	50	e	[(4,1),(4,4)]
25	51	e	[(4,1),(4,4)]
27	52	e	[(4,1),(4,4)]
51	50	a	[T]
50	52	n	[T]
24	53	e	[(4,1),(4,9)]
26	54	e	[(4,1),(4,9)]
28	55	e	[(4,1),(4,9)]
55	10	o	[(4,9),(3,0)]
54	12	p	[(4,9),(3,0)]
53	11	p	[(4,9),(3,0)]
53	56	e	[(4,9),(4,19)]
54	57	e	[(4,9),(4,19)]
55	58	e	[(4,9),(4,19)]
58	3	o	[(4,19),(2,0)]
57	5	p	[(4,19),(2,0)]
56	4	p	[(4,19),(2,0)]
53	59	e	[(4,9),(4,20)]
54	60	e	[(4,9),(4,20)]
55	61	e	[(4,9),(4,20)]
61	3	o	[(4,20),(2,0)]
60	5	p	[(4,20),(2,0)]
59	4	p	[(4,20),(2,0)]
24	62	e	[(4,1),(4,10)]
26	63	e	[(4,1),(4,10)]
28	64	e	[(4,1),(4,10)]
64	10	o	[(4,10),(3,0)]
63	12	p	[(4,10),(3,0)]
62	11	p	[(4,10),(3,0)]
62	65	e	[(4,10),(4,21)]
63	66	e	[(4,10),(4,21)]
64	67	e	[(4,10),(4,21)]
67	3	o	[(4,21),(2,0)]
66	5	p	[(4,21),(2,0)]
65	4	p	[(4,21),(2,0)]
62	68	e	[(4,10),(4,22)]
63	69	e	[(4,10),(4,22)]
64	70	e	[(4,10),(4,22)]
70	3	o	[(4,22),(2,0)]
69	5	p	[(4,22),(2,0)]
68	4	p	[(4,22),(2,0)]
