(3,0) : 0
(3,1) : 1
(3,2) : 2
(3,3) : 3
(3,4) : 4
(3,5) : 5
(3,6) : 6
(3,7) : 7
(3,8) : 8
(3,9) : 9
(3,10) : 10
(3,11) : 11
(3,12) : 12
(3,13) : 13
(3,14) : 14
(3,15) : 15
(3,16) : 16
(3,17) : 17
(3,18) : 18
(3,19) : 19
(3,20) : 20
(3,21) : 21
(3,22) : 22
(3,23) : 23
(3,24) : 24
(3,25) : 25
(3,26) : 26
(3,27) : 27
(3,28) : 28
(3,29) : 29
(3,30) : 30
(3,31) : 31
(3,32) : 32
(3,33) : 33
(3,34) : 34
(3,35) : 35
(4,0) : 36
(4,1) : 37
(4,2) : 38
(4,3) : 39
(4,4) : 40
(4,5) : 41
(4,6) : 42
(4,7) : 43
(4,8) : 44
(4,9) : 45
(4,10) : 46
(4,11) : 47
(4,12) : 48
(4,13) : 49
(4,14) : 50
(4,15) : 51
(4,16) : 52
(4,17) : 53
(4,18) : 54
(4,19) : 55
(4,20) : 56
(4,21) : 57
(4,22) : 58
(4,23) : 59
(4,24) : 60
(4,25) : 61
(4,26) : 62
(4,27) : 63
(4,28) : 64
(4,29) : 65
(4,30) : 66
(4,31) : 67
(4,32) : 68
(4,33) : 69
(4,34) : 70
(4,35) : 71
(5,0) : 72
(5,1) : 73
(5,2) : 74
(5,3) : 75
(5,4) : 76
(5,5) : 77
(5,6) : 78
(5,7) : 79
(5,8) : 80
(5,9) : 81
(5,10) : 82
(5,11) : 83
(5,12) : 84
(5,13) : 85
(5,14) : 86
(5,15) : 87
(5,16) : 88
(5,17) : 89
(5,18) : 90
(5,19) : 91
(5,20) : 92
(5,21) : 93
(5,22) : 94
(5,23) : 95
(5,24) : 96
(5,25) : 97
(5,26) : 98
(5,27) : 99
(5,28) : 100
(5,29) : 101
(5,30) : 102
(5,31) : 103
(5,32) : 104
(5,33) : 105
(5,34) : 106
(5,35) : 107
(5,36) : 108
(5,37) : 109
(5,38) : 110
(5,39) : 111
(5,40) : 112
(5,41) : 113
(5,42) : 114
(5,43) : 115
(5,44) : 116
(5,45) : 117
(5,46) : 118
(5,47) : 119
(5,48) : 120
(5,49) : 121
(5,50) : 122
(5,51) : 123
(5,52) : 124
(5,53) : 125
(5,54) : 126
(5,55) : 127
(5,56) : 128
(5,57) : 129
(5,58) : 130
(5,59) : 131
(5,60) : 132
(5,61) : 133
(5,62) : 134
(5,63) : 135
(5,64) : 136
(5,65) : 137
(5,66) : 138
(5,67) : 139
(5,68) : 140
(5,69) : 141
(5,70) : 142
(5,71) : 143
(9,0) : 144
(9,1) : 145
(9,2) : 146
(9,3) : 147
(9,4) : 148
(9,5) : 149
(9,6) : 150
(9,7) : 151
(9,8) : 152
(9,9) : 153
(9,10) : 154
(9,11) : 155
(9,12) : 156
(9,13) : 157
(9,14) : 158
(9,15) : 159
(9,16) : 160
(9,17) : 161
(9,18) : 162
(9,19) : 163
(9,20) : 164
(9,21) : 165
(9,22) : 166
(9,23) : 167
(9,24) : 168
(9,25) : 169
(9,26) : 170
(9,27) : 171
(9,28) : 172
(9,29) : 173
(9,30) : 174
(9,31) : 175
(9,32) : 176
(9,33) : 177
(9,34) : 178
(9,35) : 179
(9,36) : 180
(9,37) : 181
(9,38) : 182
(9,39) : 183
(9,40) : 184
(9,41) : 185
(9,42) : 186
(9,43) : 187
(9,44) : 188
(9,45) : 189
(9,46) : 190
(9,47) : 191
(9,48) : 192
(9,49) : 193
(9,50) : 194
(9,51) : 195
(9,52) : 196
(9,53) : 197
(9,54) : 198
(9,55) : 199
(9,56) : 200
(9,57) : 201
(9,58) : 202
(9,59) : 203
(9,60) : 204
(9,61) : 205
(9,62) : 206
(9,63) : 207
(9,64) : 208
(9,65) : 209
(9,66) : 210
(9,67) : 211
(9,68) : 212
(9,69) : 213
(9,70) : 214
(9,71) : 215
(9,72) : 216
(9,73) : 217
(9,74) : 218
(9,75) : 219
(9,76) : 220
(9,77) : 221
(9,78) : 222
(9,79) : 223
(9,80) : 224
(9,81) : 225
(9,82) : 226
(9,83) : 227
(9,84) : 228
(9,85) : 229
(9,86) : 230
(9,87) : 231
(9,88) : 232
(9,89) : 233
(9,90) : 234
(9,91) : 235
(9,92) : 236
(9,93) : 237
(9,94) : 238
(9,95) : 239
(9,96) : 240
(9,97) : 241
(9,98) : 242
(9,99) : 243
(9,100) : 244
(9,101) : 245
(9,102) : 246
(9,103) : 247
(9,104) : 248
(9,105) : 249
(9,106) : 250
(9,107) : 251
(9,108) : 252
(9,109) : 253
(9,110) : 254
(9,111) : 255
(9,112) : 256
(9,113) : 257
(9,114) : 258
(9,115) : 259
(9,116) : 260
(9,117) : 261
(9,118) : 262
(9,119) : 263
(9,120) : 264
(9,121) : 265
(9,122) : 266
(9,123) : 267
(9,124) : 268
(9,125) : 269
(9,126) : 270
(9,127) : 271
(9,128) : 272
(9,129) : 273
(9,130) : 274
(9,131) : 275
(9,132) : 276
(9,133) : 277
(9,134) : 278
(9,135) : 279
(9,136) : 280
(9,137) : 281
(9,138) : 282
(9,139) : 283
(9,140) : 284
(9,141) : 285
(9,142) : 286
(9,143) : 287
(9,144) : 288
(9,145) : 289
(9,146) : 290
(9,147) : 291
(9,148) : 292
(9,149) : 293
(9,150) : 294
(9,151) : 295
(9,152) : 296
(9,153) : 297
(9,154) : 298
(9,155) : 299
(9,156) : 300
(9,157) : 301
(9,158) : 302
(9,159) : 303
(9,160) : 304
(9,161) : 305
(9,162) : 306
(9,163) : 307
(9,164) : 308
(9,165) : 309
(9,166) : 310
(9,167) : 311
(9,168) : 312
(9,169) : 313
(9,170) : 314
(9,171) : 315
(9,172) : 316
(9,173) : 317
(9,174) : 318
(9,175) : 319
(9,176) : 320
(9,177) : 321
(9,178) : 322
(9,179) : 323
(9,180) : 324
(9,181) : 325
(9,182) : 326
(9,183) : 327
(9,184) : 328
(9,185) : 329
(9,186) : 330
(9,187) : 331
(9,188) : 332
(9,189) : 333
(9,190) : 334
(9,191) : 335
(9,192) : 336
(9,193) : 337
(9,194) : 338
(9,195) : 339
(9,196) : 340
(9,197) : 341
(9,198) : 342
(9,199) : 343
(9,200) : 344
(9,201) : 345
(9,202) : 346
(9,203) : 347
(9,204) : 348
(9,205) : 349
(9,206) : 350
(9,207) : 351
(9,208) : 352
(9,209) : 353
(9,210) : 354
(9,211) : 355
(9,212) : 356
(9,213) : 357
(9,214) : 358
(9,215) : 359
(9,216) : 360
(9,217) : 361
(9,218) : 362
(9,219) : 363
(9,220) : 364
(9,221) : 365
(9,222) : 366
(9,223) : 367
(9,224) : 368
(9,225) : 369
(9,226) : 370
(9,227) : 371
(9,228) : 372
(9,229) : 373
(9,230) : 374
(9,231) : 375
(9,232) : 376
(9,233) : 377
